N	273	317	336
C	248	274	302
C	191	287	286
O	158	303	319
C	250	220	330
C	204	184	313
C	303	193	318
N	180	282	234
C	128	291	214
C	97	238	220
O	113	197	198
C	132	308	156
C	155	363	144
C	154	373	83
C	120	405	171
N	53	240	250
C	20	192	258
C	0	172	204
O	3	200	164
C	-27	207	294
O	-59	246	269
N	-20	122	201
C	-39	104	149
C	-90	132	130
O	-101	135	82
C	-47	44	158
C	-6	30	199
C	-12	77	238
N	-120	153	168
C	-169	181	154
C	-154	237	133
O	-188	267	114
C	-207	185	203
N	-103	252	140
C	-83	303	121
C	-68	298	63
O	-87	329	29
C	-35	321	154
C	-50	344	208
O	-94	366	213
O	-17	340	246
N	-33	260	50
C	-14	252	-4
C	-59	250	-45
O	-55	276	-88
C	21	202	-6
C	68	205	33
C	99	154	35
C	158	163	26
N	191	113	28
N	-101	221	-32
C	-147	215	-66
C	-179	268	-70
O	-207	277	-110
C	-182	170	-46
O	-201	183	7
C	-149	121	-42
N	-175	302	-28
C	-202	354	-29
C	-171	390	-67
O	-193	408	-108
C	-207	378	26
C	-258	361	54
O	-300	357	29
N	-255	350	105
N	-119	395	-57
C	-84	428	-91
C	-89	412	-150
O	-95	446	-185
C	-24	423	-73
C	11	457	-109
C	-18	440	-14
N	-88	360	-159
C	-92	339	-214
C	-142	356	-245
O	-138	373	-292
C	-87	278	-212
C	-30	258	-206
C	-29	199	-195
C	26	176	-202
N	36	163	-259
N	-189	352	-220
C	-240	367	-244
C	-244	427	-255
O	-271	445	-292
C	-284	349	-209
N	-220	458	-218
C	-220	516	-220
C	-189	535	-268
O	-209	567	-300
C	-197	538	-169
